XXXXXX
XYYYYX
XYZZYX
XYZZYX
XYYYYX
XXXXXX

1 2 3 4 5 6 -1 -2 -3 -4 -5 -6 1 2 3 4 -1 -2 -3 -4 1 2 3 4 -1 -2 -3 -4 1 2 -1 -2 1 2 3 4

1 2 3 4 5 6 -1 -2 -3 -4 -5 -6 1 2 3 4 -1 -2 -3 -4
1 2 3 4 -1 -2 -3 -4 1 2 -1 -2
X_Sum=0 Y_Sum=0 Delta=0
         1          2          3          4          5          6
        -4          1          2          3          4         -1
        -3         -2          1          2         -1         -2
        -2         -1          3          4         -2         -3
        -1          2          1         -4         -3         -4
         4          3          2          1         -6         -5

1 2 3 4 5 6 7 8 9 10 11 12 13 14 15 16 17 18 19 20 21 22 23 24 25 26 27 28 29 30 31 32 33 34 35 36

1 2 3 4 5 6 7 8 9 10 11 12 13 14 15 16 29 34 35 36
17 18 19 20 21 22 23 24 25 26 27 28
X_Sum=270 Y_Sum=270 Delta=0
         1          2          3          4          5          6
        36         17         18         19         20          7
        35         28         30         31         21          8
        34         27         32         33         22          9
        29         26         25         24         23         10
        16         15         14         13         12         11

1 2 3 4 5 6 7 8 9 10 11 12 13 14 -15 16 17 18 19 20 -21 22 23 24 25 26 27 28 -29 30 31 32 33 34 35 -36

1 2 3 4 5 6 7 8 9 10 11 12 13 14 -15 16 17 18 19 20
-21 22 23 26 -29 30 31 32 33 34 35 -36
X_Sum=180 Y_Sum=180 Delta=0
         1          2          3          4          5          6
        20        -21         22         23         26          7
        19        -36         24         25        -29          8
        18         35         27         28         30          9
        17         34         33         32         31         10
        16        -15         14         13         12         11


1.1 1.2 1.3 1.4 1.5 1.6 1.7 1.8 1.9 2 2.1 2.2 2.3 2.4 2.5 2.6 2.7 2.8 2.9 3 3.1 3.2 3.3 3.4 3.5 3.6 3.7 3.8 3.9 4 4.1 4.2 4.3 4.4 4.5 4.6

Best delta 0
1.1 1.2 1.3 1.4 1.5 1.6 1.7 1.8 1.9 2 2.1 2.2 2.3 2.4 3 4 4.1 4.2 4.3 4.4
2.5 2.6 2.7 2.8 2.9 3.1 3.2 3.3 3.4 3.5 3.6 3.7
X_Sum=42 Y_Sum=31 Delta=11
       1.1        1.2        1.3        1.4        1.5        1.6
       4.4        2.5        2.6        2.7        2.8        1.7
       4.3        3.7        3.8        3.9        2.9        1.8
       4.2        3.6        4.5        4.6        3.1        1.9
       4.1        3.5        3.4        3.3        3.2          2
         4          3        2.4        2.3        2.2        2.1


101 123 152 157 167 159
156 375 998 546 132 546
756 132 546 756 324 756
768 156 16  546 98  78
32  46  78  98  54  12
54  45  98  78  87  13


Best delta 0
101 123 152 157 167 159 156 375 998 546 132 546 132 546 32 46 54 12 54 13
756 756 324 756 768 156 546 98 78 78 98 87
X_Sum=4501 Y_Sum=4501 Delta=0
       101        123        152        157        167        159
        13        756        756        324        756        156
        54         87         16         45        768        375
        12         98         98         78        156        998
        54         78         78         98        546        546
        46         32        546        132        546        132

В худшем случае считать 37 дней.

101 123 152 157 -167 159
156 375 998 546 132 546
756 132 -546 756 324 756
768 156 16  546 98  78
32  46  78  98  54  12
-54  45  98  78  87  -13

Best delta 0
101 123 152 157 -167 159 156 375 998 546 132 546 756 132 -546 16 98 78 32 -54
756 324 756 768 156 546 78 98 45 98 78 87
X_Sum=3790 Y_Sum=3790 Delta=0
       101        123        152        157       -167        159
       -54        756        324        756        768        156
        32         87         46         54        156        375
        78         78         12        -13        546        998
        98         98         45         98         78        546
        16       -546        132        756        546        132


1 0 0 0 0 0 
0 0 0 0 0 0
0 0 0 0 0 0
0 0 0 0 0 0
0 0 0 0 0 0
0 0 0 0 0 0

101 123 1.52 1.57 -167 1.59
156 3.75 9.98 546 1.32 546
756 1.32 -5.46 7.56 3.24 756
7.68 156 16  546 9.8  78
32  46  78  98  54  12
-54  45  9.8  78  87  -1.3

New delta 0.00964355
101 123 1.52 1.57 -167 1.59 156 3.75 9.98 546 1.32 546 -5.46 7.68 546 9.8 54 45 9.8 87
756 1.32 3.24 756 156 16 78 46 78 98 12 78